%YAML:1.0
---
K1: !!opencv-matrix
   rows: 3
   cols: 3
   dt: d
   data: [ 1.4091011962890625e+03, 0., 9.8504975799699605e+02, 0.,
       1.4236314697265625e+03, 5.2163652223812460e+02, 0., 0., 1. ]
D1: !!opencv-matrix
   rows: 1
   cols: 5
   dt: d
   data: [ 2.1081556946621871e-01, -5.8683477756677782e-01,
       1.5994548229158623e-03, -1.6395992802711672e-03,
       4.1557953772582146e-01 ]
K2: !!opencv-matrix
   rows: 3
   cols: 3
   dt: d
   data: [ 1.1537886962890625e+03, 0., 9.4124748970049404e+02, 0.,
       1.1558200683593750e+03, 5.5801464286199189e+02, 0., 0., 1. ]
D2: !!opencv-matrix
   rows: 1
   cols: 5
   dt: d
   data: [ 2.0775999818953939e-01, -5.4665039205328281e-01,
       9.1772261069439343e-04, -2.8850340930635531e-04,
       3.7532764017962011e-01 ]
R: !!opencv-matrix
   rows: 3
   cols: 3
   dt: d
   data: [ 9.9924412154168363e-01, 4.9016733421781858e-04,
       3.8870879850775870e-02, -2.1283164409567130e-05,
       9.9992724995007254e-01, -1.2062104058248171e-02,
       -3.8873964441717292e-02, 1.2052159278301961e-02,
       9.9917143691426380e-01 ]
T: !!opencv-matrix
   rows: 3
   cols: 1
   dt: d
   data: [ 9.9545862442401573e-02, -2.5465417908691391e-04,
       7.5454338979274646e-04 ]
E: !!opencv-matrix
   rows: 3
   cols: 3
   dt: d
   data: [ 9.9154765737785086e-06, -7.5755762945070733e-04,
       -2.4534180115035064e-04, 4.6237153636045367e-03,
       -1.1993727371298344e-03, -9.9434052649997204e-02,
       2.5234304052196808e-04, 9.9538745299098924e-02,
       -1.1908339193495206e-03 ]
F: !!opencv-matrix
   rows: 3
   cols: 3
   dt: d
   data: [ 5.3132375936403499e-10, -4.0576547302835525e-08,
       2.3199243165791797e-06, 2.4787084861949180e-07,
       -6.4269112785545278e-08, -7.6288215054379606e-03,
       -1.2353173004551386e-04, 6.1001916110423951e-03, 1. ]
R1: !!opencv-matrix
   rows: 3
   cols: 3
   dt: d
   data: [ 9.9891755284487782e-01, -1.9763890286100773e-03,
       4.6473826018613842e-02, 2.2555138129404014e-03,
       9.9997972873174101e-01, -5.9543919112992573e-03,
       -4.6461115740374065e-02, 6.0527689532395620e-03,
       9.9890176129194919e-01 ]
R2: !!opencv-matrix
   rows: 3
   cols: 3
   dt: d
   data: [ 9.9996800233108218e-01, -2.5580774981397614e-03,
       7.5796143370595558e-03, 2.5125138639724488e-03,
       9.9997875464691577e-01, 6.0147758800208782e-03,
       -7.5948395683117578e-03, -5.9955395351082253e-03,
       9.9995318486297868e-01 ]
P1: !!opencv-matrix
   rows: 3
   cols: 4
   dt: d
   data: [ 1.0079131398587765e+03, 0., 8.1927287292480469e+02, 0., 0.,
       1.0079131398587765e+03, 7.3279729843139648e+02, 0., 0., 0., 1.,
       0. ]
P2: !!opencv-matrix
   rows: 3
   cols: 4
   dt: d
   data: [ 1.0079131398587765e+03, 0., 8.1927287292480469e+02,
       1.0033679331776371e+02, 0., 1.0079131398587765e+03,
       7.3279729843139648e+02, 0., 0., 0., 1., 0. ]
Q: !!opencv-matrix
   rows: 4
   cols: 4
   dt: d
   data: [ 1., 0., 0., -8.1927287292480469e+02, 0., 1., 0.,
       -7.3279729843139648e+02, 0., 0., 0., 1.0079131398587765e+03, 0.,
       0., -1.0045299501118647e+01, 0. ]
