camera_matrix:
- - 1391.534567652422
  - 0.0
  - 987.2127070023083
- - 0.0
  - 1392.131402231377
  - 520.9551168857441
- - 0.0
  - 0.0
  - 1.0
dist_coeff:
- - 0.2108155694662187
  - -0.5868347775667778
  - 0.0015994548229158623
  - -0.0016395992802711672
  - 0.41557953772582146
