camera_matrix:
- - 1406.5920091040314
  - 0.0
  - 993.6220326672267
- - 0.0
  - 1405.1091244979143
  - 508.1456364009781
- - 0.0
  - 0.0
  - 1.0
dist_coeff:
- - 0.21222252661536026
  - -0.5618593815413362
  - 0.0005972850110250345
  - 0.0001954467181566835
  - 0.401335604721978
