camera_matrix:
- - 1398.251113437858
  - 0.0
  - 984.5772281690025
- - 0.0
  - 1400.1804020281572
  - 518.49368207034
- - 0.0
  - 0.0
  - 1.0
dist_coeff:
- - 0.205663059825173
  - -0.6181597091394639
  - -0.0017024854103777445
  - -0.002281439716789154
  - 0.49429587681343723
