camera_matrix:
- - 1486.611757569968
  - 0.0
  - 532.1088095312374
- - 0.0
  - 583.3424914299761
  - 956.4133628314993
- - 0.0
  - 0.0
  - 1.0
dist_coeff:
- - -0.0794158465655529
  - -0.1814435633561236
  - 0.003330674584527452
  - 0.028971381742582215
  - -0.047459306731550355
