camera_matrix:
- - 1414.4378058408652
  - 0.0
  - 990.3749100294727
- - 0.0
  - 1413.8996317418364
  - 515.3026296512651
- - 0.0
  - 0.0
  - 1.0
dist_coeff:
- - 0.20995201669053143
  - -0.6163171964882218
  - -0.00467890070749413
  - 0.0008920330789408432
  - 0.45625861353528174
