camera_matrix:
- - 1142.3975606475633
  - 0.0
  - 939.1256532561297
- - 0.0
  - 1129.349072473242
  - 551.9553885328828
- - 0.0
  - 0.0
  - 1.0
dist_coeff:
- - 0.20557929896980864
  - -0.41243237970038493
  - 9.297692637907794e-05
  - -0.011230109800431109
  - 0.20549483981446146
