camera_matrix:
- - 1130.3029648069316
  - 0.0
  - 938.6684876695222
- - 0.0
  - 1129.8119089133295
  - 558.0196760397038
- - 0.0
  - 0.0
  - 1.0
dist_coeff:
- - 0.20775999818953939
  - -0.5466503920532828
  - 0.0009177226106943934
  - -0.0002885034093063553
  - 0.3753276401796201
