camera_matrix:
- - 1130.1554385929126
  - 0.0
  - 905.0748722593233
- - 0.0
  - 1130.4498245965924
  - 554.3675538469686
- - 0.0
  - 0.0
  - 1.0
dist_coeff:
- - 0.09247807012985391
  - -0.2492071208659291
  - -0.000612886433859117
  - 0.0010704216760795183
  - 0.10906168565331938
