camera_matrix:
- - 1688.0349007225095
  - 0.0
  - 964.7016574008593
- - 0.0
  - 1686.8117488111802
  - 553.4379380211781
- - 0.0
  - 0.0
  - 1.0
dist_coeff:
- - 0.16094120748200402
  - -0.8748166583433598
  - 0.0012343985025412936
  - -0.0010327531691768504
  - 1.527775478898124
