%YAML:1.0
---
K1: !!opencv-matrix
   rows: 3
   cols: 3
   dt: d
   data: [ 1.3915345676524221e+03, 0., 9.8721270700230832e+02, 0.,
       1.3921314022313770e+03, 5.2095511688574413e+02, 0., 0., 1. ]
D1: !!opencv-matrix
   rows: 1
   cols: 5
   dt: d
   data: [ 2.1081556946621871e-01, -5.8683477756677782e-01,
       1.5994548229158623e-03, -1.6395992802711672e-03,
       4.1557953772582146e-01 ]
K2: !!opencv-matrix
   rows: 3
   cols: 3
   dt: d
   data: [ 1.1303029648069316e+03, 0., 9.3866848766952216e+02, 0.,
       1.1298119089133295e+03, 5.5801967603970377e+02, 0., 0., 1. ]
D2: !!opencv-matrix
   rows: 1
   cols: 5
   dt: d
   data: [ 2.0775999818953939e-01, -5.4665039205328281e-01,
       9.1772261069439343e-04, -2.8850340930635531e-04,
       3.7532764017962011e-01 ]
R: !!opencv-matrix
   rows: 3
   cols: 3
   dt: d
   data: [ 7.0174784697524473e-01, -4.4932148683532763e-02,
       -7.1100707540803654e-01, 5.3398165955184249e-02,
       9.9851915480150288e-01, -1.0398719494002473e-02,
       7.1042142080474402e-01, -3.0669194791732794e-02,
       7.0310796137762210e-01 ]
T: !!opencv-matrix
   rows: 3
   cols: 1
   dt: d
   data: [ 1.1526498578873484e+01, -3.3124234931322344e-01,
       2.0613919761538781e+00 ]
E: !!opencv-matrix
   rows: 3
   cols: 3
   dt: d
   data: [ -3.4539621127115150e-01, -2.0481804376094117e+00,
       -2.1146329602034308e-01, -6.7420941162691346e+00,
       2.6088565941451464e-01, -9.5700371978485563e+00,
       8.4794248945445827e-01, 1.1494546188307853e+01,
       -3.5537647950620577e-01 ]
F: !!opencv-matrix
   rows: 3
   cols: 3
   dt: d
   data: [ 6.2558994976194648e-08, 3.7081233878313128e-07,
       -2.0163881321783411e-04, 1.2216751023028899e-06,
       -4.7252510657183584e-08, 1.2316255681439703e-03,
       -9.1403440152482346e-04, -2.6738934360176101e-03, 1. ]
R1: !!opencv-matrix
   rows: 3
   cols: 3
   dt: d
   data: [ 8.1401870349824801e-01, -7.7845198308015895e-02,
       -5.7559853670367944e-01, 7.6392025374625305e-02,
       9.9671859422241227e-01, -2.6763826155109582e-02,
       5.7579319969429477e-01, -2.2184882954029882e-02,
       8.1729433018596298e-01 ]
R2: !!opencv-matrix
   rows: 3
   cols: 3
   dt: d
   data: [ 9.8398825679297919e-01, -2.8277328075512208e-02,
       1.7597585973770399e-01, 2.7852501022751979e-02,
       9.9960011184728537e-01, 4.8841152394599524e-03,
       -1.7604359880521589e-01, 9.5455772871837940e-05,
       9.8438236585582106e-01 ]
P1: !!opencv-matrix
   rows: 3
   cols: 4
   dt: d
   data: [ -3.3089777124896142e+02, 0., 1.5105460662841797e+03, 0., 0.,
       -3.3089777124896142e+02, 7.3467646026611328e+02, 0., 0., 0., 1.,
       0. ]
P2: !!opencv-matrix
   rows: 3
   cols: 4
   dt: d
   data: [ -3.3089777124896142e+02, 0., 1.5105460662841797e+03,
       -3.8761567160206496e+03, 0., -3.3089777124896142e+02,
       7.3467646026611328e+02, 0., 0., 0., 1., 0. ]
Q: !!opencv-matrix
   rows: 4
   cols: 4
   dt: d
   data: [ 1., 0., 0., -1.5105460662841797e+03, 0., 1., 0.,
       -7.3467646026611328e+02, 0., 0., 0., -3.3089777124896142e+02, 0.,
       0., -8.5367490401334595e-02, 0. ]
