%YAML:1.0
---
K1: !!opencv-matrix
   rows: 3
   cols: 3
   dt: d
   data: [ 1.4091011962890625e+03, 0., 9.8504975799699605e+02, 0.,
       1.4236314697265625e+03, 5.2163652223812460e+02, 0., 0., 1. ]
D1: !!opencv-matrix
   rows: 1
   cols: 5
   dt: d
   data: [ 2.1081556946621871e-01, -5.8683477756677782e-01,
       1.5994548229158623e-03, -1.6395992802711672e-03,
       4.1557953772582146e-01 ]
K2: !!opencv-matrix
   rows: 3
   cols: 3
   dt: d
   data: [ 1.1537886962890625e+03, 0., 9.4124748970049404e+02, 0.,
       1.1558200683593750e+03, 5.5801464286199189e+02, 0., 0., 1. ]
D2: !!opencv-matrix
   rows: 1
   cols: 5
   dt: d
   data: [ 2.0775999818953939e-01, -5.4665039205328281e-01,
       9.1772261069439343e-04, -2.8850340930635531e-04,
       3.7532764017962011e-01 ]
R: !!opencv-matrix
   rows: 3
   cols: 3
   dt: d
   data: [ 8.5529205487463977e-01, 2.8072949079842799e-02,
       -5.1738516638794030e-01, -7.5830971801747249e-02,
       9.9456160896802437e-01, -7.1392364315360793e-02,
       5.1256722933086429e-01, 1.0029514194065005e-01,
       8.5276944124375498e-01 ]
T: !!opencv-matrix
   rows: 3
   cols: 1
   dt: d
   data: [ 1.4398061644808760e-01, -5.9664334226598699e-03,
       5.0925003671218771e-02 ]
E: !!opencv-matrix
   rows: 3
   cols: 3
   dt: d
   data: [ 8.0349426895623107e-04, -5.1246457874955000e-02,
       -1.4523356812029859e-03, -3.0243994615690856e-02,
       -1.3010941328410307e-02, -1.4913011133610704e-01,
       -5.8151469635336272e-03, 1.4336508893648062e-01,
       -1.3366060772937543e-02 ]
F: !!opencv-matrix
   rows: 3
   cols: 3
   dt: d
   data: [ -3.0994162175903443e-08, 1.9759444890749573e-06,
       -9.2082302187027282e-04, 1.1671454689781270e-06,
       5.0188974752680069e-07, 6.5947064481129041e-03,
       -3.6865327743713808e-04, -8.3829383073529863e-03, 1. ]
R1: !!opencv-matrix
   rows: 3
   cols: 3
   dt: d
   data: [ 9.7947283103751748e-01, 2.1038688055549697e-02,
       -2.0047530237974884e-01, -2.9981817521805294e-02,
       9.9868114257519958e-01, -4.1678124751277697e-02,
       1.9933405097333379e-01, 4.6833204776047174e-02,
       9.7881182412809320e-01 ]
R2: !!opencv-matrix
   rows: 3
   cols: 3
   dt: d
   data: [ 9.4204889604886832e-01, -3.9037699364152537e-02,
       3.3319654182098324e-01, 2.3956358054588619e-02,
       9.9849897423090084e-01, 4.9253338654340312e-02,
       -3.3461914225260408e-01, -3.8416877647628155e-02,
       9.4157005748374278e-01 ]
P1: !!opencv-matrix
   rows: 3
   cols: 4
   dt: d
   data: [ -2.7329348555438796e+03, 0., 7.7667748570442200e+02, 0., 0.,
       -2.7329348555438796e+03, 7.0820757293701172e+02, 0., 0., 0., 1.,
       0. ]
P2: !!opencv-matrix
   rows: 3
   cols: 4
   dt: d
   data: [ -2.7329348555438796e+03, 0., 7.7667748570442200e+02,
       -4.1769556427913994e+02, 0., -2.7329348555438796e+03,
       7.0820757293701172e+02, 0., 0., 0., 1., 0. ]
Q: !!opencv-matrix
   rows: 4
   cols: 4
   dt: d
   data: [ 1., 0., 0., -7.7667748570442200e+02, 0., 1., 0.,
       -7.0820757293701172e+02, 0., 0., 0., -2.7329348555438796e+03, 0.,
       0., -6.5428869474838338e+00, 0. ]
