%YAML:1.0
---
K1: !!opencv-matrix
   rows: 3
   cols: 3
   dt: d
   data: [ 1.3915345676524221e+03, 0., 9.8721270700230832e+02, 0.,
       1.3921314022313770e+03, 5.2095511688574413e+02, 0., 0., 1. ]
D1: !!opencv-matrix
   rows: 1
   cols: 5
   dt: d
   data: [ 2.1081556946621871e-01, -5.8683477756677782e-01,
       1.5994548229158623e-03, -1.6395992802711672e-03,
       4.1557953772582146e-01 ]
K2: !!opencv-matrix
   rows: 3
   cols: 3
   dt: d
   data: [ 1.1303029648069316e+03, 0., 9.3866848766952216e+02, 0.,
       1.1298119089133295e+03, 5.5801967603970377e+02, 0., 0., 1. ]
D2: !!opencv-matrix
   rows: 1
   cols: 5
   dt: d
   data: [ 2.0775999818953939e-01, -5.4665039205328281e-01,
       9.1772261069439343e-04, -2.8850340930635531e-04,
       3.7532764017962011e-01 ]
R: !!opencv-matrix
   rows: 3
   cols: 3
   dt: d
   data: [ 9.9842503279438910e-01, 1.4935713754131755e-02,
       -5.4077521616451504e-02, -1.8806551443606347e-02,
       9.9724221008038749e-01, -7.1793370562909853e-02,
       5.2856101940288114e-02, 7.2697310050915509e-02,
       9.9595247557252398e-01 ]
T: !!opencv-matrix
   rows: 3
   cols: 1
   dt: d
   data: [ 6.0883040865442073e+00, 2.9660769953738071e-02,
       5.7012133378520499e-02 ]
E: !!opencv-matrix
   rows: 3
   cols: 3
   dt: d
   data: [ 2.6399542995951064e-03, -5.4698647702117832e-02,
       3.3633810481038730e-02, -2.6488168030372594e-01,
       -4.4175181295910620e-01, -6.0667446019071951e+00,
       -1.4411405922168014e-01, 6.0710708181370441e+00,
       -4.3549589045661280e-01 ]
F: !!opencv-matrix
   rows: 3
   cols: 3
   dt: d
   data: [ 9.6782787722711029e-09, -2.0044354610885595e-07,
       2.6644959677593730e-04, -9.7149900435584714e-07,
       -1.6195059464801685e-06, -2.9160028314178420e-02,
       -6.4145947980955606e-05, 2.6238256609803990e-02, 1. ]
R1: !!opencv-matrix
   rows: 3
   cols: 3
   dt: d
   data: [ 9.9877272588427857e-01, 2.0473652700654772e-02,
       -4.5098465326224184e-02, -2.2087106593568991e-02,
       9.9912296396677713e-01, -3.5573341093672592e-02,
       4.4330596116136253e-02, 3.6525777463805281e-02,
       9.9834896996423683e-01 ]
R2: !!opencv-matrix
   rows: 3
   cols: 3
   dt: d
   data: [ 9.9994429344493840e-01, 4.8714908507900660e-03,
       9.3636843065975986e-03, -5.2059874080675915e-03,
       9.9933690509398732e-01, 3.6036756406176554e-02,
       -9.1819225661075275e-03, -3.6083496145214833e-02,
       9.9930659639768626e-01 ]
P1: !!opencv-matrix
   rows: 3
   cols: 4
   dt: d
   data: [ 1.5057466112079584e+04, 0., 8.8136630129814148e+02, 0., 0.,
       1.5057466112079584e+04, 7.2672215270996094e+02, 0., 0., 0., 1.,
       0. ]
P2: !!opencv-matrix
   rows: 3
   cols: 4
   dt: d
   data: [ 1.5057466112079584e+04, 0., 8.8136630129814148e+02,
       9.1679539614496622e+04, 0., 1.5057466112079584e+04,
       7.2672215270996094e+02, 0., 0., 0., 1., 0. ]
Q: !!opencv-matrix
   rows: 4
   cols: 4
   dt: d
   data: [ 1., 0., 0., -8.8136630129814148e+02, 0., 1., 0.,
       -7.2672215270996094e+02, 0., 0., 0., 1.5057466112079584e+04, 0.,
       0., -1.6424020207120080e-01, 0. ]
