%YAML:1.0
---
K1: !!opencv-matrix
   rows: 3
   cols: 3
   dt: d
   data: [ 1.4091011962890625e+03, 0., 9.8504975799699605e+02, 0.,
       1.4236314697265625e+03, 5.2163652223812460e+02, 0., 0., 1. ]
D1: !!opencv-matrix
   rows: 1
   cols: 5
   dt: d
   data: [ 2.1081556946621871e-01, -5.8683477756677782e-01,
       1.5994548229158623e-03, -1.6395992802711672e-03,
       4.1557953772582146e-01 ]
K2: !!opencv-matrix
   rows: 3
   cols: 3
   dt: d
   data: [ 1.1537886962890625e+03, 0., 9.4124748970049404e+02, 0.,
       1.1558200683593750e+03, 5.5801464286199189e+02, 0., 0., 1. ]
D2: !!opencv-matrix
   rows: 1
   cols: 5
   dt: d
   data: [ 2.0775999818953939e-01, -5.4665039205328281e-01,
       9.1772261069439343e-04, -2.8850340930635531e-04,
       3.7532764017962011e-01 ]
R: !!opencv-matrix
   rows: 3
   cols: 3
   dt: d
   data: [ 8.4284658398811696e-01, 3.6184940805826710e-02,
       -5.3693601659642942e-01, -7.2764248012549201e-02,
       9.9623721992511771e-01, -4.7082542911794659e-02,
       5.3321196542344262e-01, 7.8753105937172871e-02,
       8.4230810766281838e-01 ]
T: !!opencv-matrix
   rows: 3
   cols: 1
   dt: d
   data: [ 1.3646383530994460e-01, -5.7204515789580539e-03,
       4.6167717293329781e-02 ]
E: !!opencv-matrix
   rows: 3
   cols: 3
   dt: d
   data: [ 3.0914600177924531e-04, -4.6444501655801794e-02,
       -2.6446892138461357e-03, -3.3851847023624426e-02,
       -9.0763747613576990e-03, -1.3973370510316052e-01,
       -5.1082252850422529e-03, 1.3615734611126554e-01,
       -9.4965808658270395e-03 ]
F: !!opencv-matrix
   rows: 3
   cols: 3
   dt: d
   data: [ -1.4664016704567840e-08, 2.2021017864981621e-06,
       -9.5815437518110484e-04, 1.6064248024965730e-06,
       4.3053079394521528e-07, 7.4170993023220744e-03,
       -6.0877584267122781e-04, -9.6041988268050320e-03, 1. ]
R1: !!opencv-matrix
   rows: 3
   cols: 3
   dt: d
   data: [ 9.7139632467708126e-01, 1.9940011840381425e-02,
       -2.3662539240678249e-01, -2.7852256869202310e-02,
       9.9915750027273675e-01, -3.0142021100590839e-02,
       2.3582500332057735e-01, 3.5870399726542476e-02,
       9.7113329787022939e-01 ]
R2: !!opencv-matrix
   rows: 3
   cols: 3
   dt: d
   data: [ 9.4651229772526602e-01, -3.9677015934133794e-02,
       3.2021899484790017e-01, 2.8863612186416792e-02,
       9.9884370186749782e-01, 3.8446731085822292e-02,
       -3.2137417778407334e-01, -2.7147626898053081e-02,
       9.4656306932365297e-01 ]
P1: !!opencv-matrix
   rows: 3
   cols: 4
   dt: d
   data: [ -1.7221055939010205e+03, 0., 8.2224815654754639e+02, 0., 0.,
       -1.7221055939010205e+03, 7.0832503890991211e+02, 0., 0., 0., 1.,
       0. ]
P2: !!opencv-matrix
   rows: 3
   cols: 4
   dt: d
   data: [ -1.7221055939010205e+03, 0., 8.2224815654754639e+02,
       -2.4828534686472256e+02, 0., -1.7221055939010205e+03,
       7.0832503890991211e+02, 0., 0., 0., 1., 0. ]
Q: !!opencv-matrix
   rows: 4
   cols: 4
   dt: d
   data: [ 1., 0., 0., -8.2224815654754639e+02, 0., 1., 0.,
       -7.0832503890991211e+02, 0., 0., 0., -1.7221055939010205e+03, 0.,
       0., -6.9359936687657369e+00, 0. ]
