%YAML:1.0
---
K1: !!opencv-matrix
   rows: 3
   cols: 3
   dt: d
   data: [ 1.3915345676524221e+03, 0., 9.8721270700230832e+02, 0.,
       1.3921314022313770e+03, 5.2095511688574413e+02, 0., 0., 1. ]
D1: !!opencv-matrix
   rows: 1
   cols: 5
   dt: d
   data: [ 2.1081556946621871e-01, -5.8683477756677782e-01,
       1.5994548229158623e-03, -1.6395992802711672e-03,
       4.1557953772582146e-01 ]
K2: !!opencv-matrix
   rows: 3
   cols: 3
   dt: d
   data: [ 1.1303029648069316e+03, 0., 9.3866848766952216e+02, 0.,
       1.1298119089133295e+03, 5.5801967603970377e+02, 0., 0., 1. ]
D2: !!opencv-matrix
   rows: 1
   cols: 5
   dt: d
   data: [ 2.0775999818953939e-01, -5.4665039205328281e-01,
       9.1772261069439343e-04, -2.8850340930635531e-04,
       3.7532764017962011e-01 ]
R: !!opencv-matrix
   rows: 3
   cols: 3
   dt: d
   data: [ 7.4531613829112131e-01, 3.4530848606414574e-02,
       -6.6581639698743600e-01, -3.6472115564932225e-02,
       9.9927415295571387e-01, 1.0997818913721197e-02,
       6.6571288014355590e-01, 1.6086880653552828e-02,
       7.4603456587601225e-01 ]
T: !!opencv-matrix
   rows: 3
   cols: 1
   dt: d
   data: [ 5.1020649761492107e+00, -1.7407305389075392e-01,
       2.3594272911536294e+00 ]
E: !!opencv-matrix
   rows: 3
   cols: 3
   dt: d
   data: [ -2.9829369230988043e-02, -2.3605150002710777e+00,
       -1.5581306927829963e-01, -1.6379911327305496e+00,
       -6.0328376931539918e-04, -5.3772622075024188e+00,
       -5.6343647123508228e-02, 5.1043725476368751e+00,
       -5.9789106860413270e-02 ]
F: !!opencv-matrix
   rows: 3
   cols: 3
   dt: d
   data: [ 4.0359947918790943e-08, 3.1924717370933576e-06,
       -1.4096159679704886e-03, 2.2172098139243696e-06,
       8.1626402514933109e-10, 7.9393412933241765e-03,
       -1.1889632465782655e-03, -1.0800054816186956e-02, 1. ]
R1: !!opencv-matrix
   rows: 3
   cols: 3
   dt: d
   data: [ 9.5657819169908553e-01, 7.1458855775102083e-03,
       -2.9138822811675275e-01, -7.9934569066107460e-03,
       9.9996657532552136e-01, -1.7183941430150241e-03,
       2.9136620911215794e-01, 3.9729776064965396e-03,
       9.5660333871283787e-01 ]
R2: !!opencv-matrix
   rows: 3
   cols: 3
   dt: d
   data: [ 9.0721097747295165e-01, -3.0952366563376094e-02,
       4.1953568782249978e-01, 2.9716176987715382e-02,
       9.9951339223889024e-01, 9.4830143067122612e-03,
       -4.1962506023568985e-01, 3.8639020734139006e-03,
       9.0768930757333510e-01 ]
P1: !!opencv-matrix
   rows: 3
   cols: 4
   dt: d
   data: [ -8.4252627143164216e+02, 0., 8.0480821228027344e+02, 0., 0.,
       -8.4252627143164216e+02, 6.9986257171630859e+02, 0., 0., 0., 1.,
       0. ]
P2: !!opencv-matrix
   rows: 3
   cols: 4
   dt: d
   data: [ -8.4252627143164216e+02, 0., 8.0480821228027344e+02,
       -4.7382845751391123e+03, 0., -8.4252627143164216e+02,
       6.9986257171630859e+02, 0., 0., 0., 1., 0. ]
Q: !!opencv-matrix
   rows: 4
   cols: 4
   dt: d
   data: [ 1., 0., 0., -8.0480821228027344e+02, 0., 1., 0.,
       -6.9986257171630859e+02, 0., 0., 0., -8.4252627143164216e+02, 0.,
       0., -1.7781250958463299e-01, 0. ]
