%YAML:1.0
---
K1: !!opencv-matrix
   rows: 3
   cols: 3
   dt: d
   data: [ 1.3915345676524221e+03, 0., 9.8721270700230832e+02, 0.,
       1.3921314022313770e+03, 5.2095511688574413e+02, 0., 0., 1. ]
D1: !!opencv-matrix
   rows: 1
   cols: 5
   dt: d
   data: [ 2.1081556946621871e-01, -5.8683477756677782e-01,
       1.5994548229158623e-03, -1.6395992802711672e-03,
       4.1557953772582146e-01 ]
K2: !!opencv-matrix
   rows: 3
   cols: 3
   dt: d
   data: [ 1.1303029648069316e+03, 0., 9.3866848766952216e+02, 0.,
       1.1298119089133295e+03, 5.5801967603970377e+02, 0., 0., 1. ]
D2: !!opencv-matrix
   rows: 1
   cols: 5
   dt: d
   data: [ 2.0775999818953939e-01, -5.4665039205328281e-01,
       9.1772261069439343e-04, -2.8850340930635531e-04,
       3.7532764017962011e-01 ]
R: !!opencv-matrix
   rows: 3
   cols: 3
   dt: d
   data: [ 9.9683659709794581e-01, 2.1176253472837782e-02,
       -7.6605254226076933e-02, -2.7143422004738550e-02,
       9.9660625862532248e-01, -7.7712289315844549e-02,
       7.4699620668785369e-02, 7.9545782777536225e-02,
       9.9402838747907429e-01 ]
T: !!opencv-matrix
   rows: 3
   cols: 1
   dt: d
   data: [ 6.1602576507747022e+00, -2.2932135398309191e-02,
       1.7942195193191440e-01 ]
E: !!opencv-matrix
   rows: 3
   cols: 3
   dt: d
   data: [ 3.1571039428229461e-03, -1.8063719489113661e-01,
       -8.8519029332865973e-03, -2.8131454172637238e-01,
       -4.8622303220947855e-01, -6.1372156432966909e+00,
       -1.4435088125825718e-01, 6.1398369462184617e+00,
       -4.8048444687928282e-01 ]
F: !!opencv-matrix
   rows: 3
   cols: 3
   dt: d
   data: [ 1.6706380359380078e-08, -9.5546423273219715e-07,
       4.1607976368006084e-04, -1.4892732374694653e-06,
       -2.5729509060954718e-06, -4.2400740086664231e-02,
       -4.8029526777286929e-05, 3.9040472234155563e-02, 1. ]
R1: !!opencv-matrix
   rows: 3
   cols: 3
   dt: d
   data: [ 9.9868289925256370e-01, 1.9774599148882278e-02,
       -4.7343763781460352e-02, -2.1619170322139163e-02,
       9.9901420398002705e-01, -3.8771532349589501e-02,
       4.6530400976953004e-02, 3.9743999228235100e-02,
       9.9812591205231715e-01 ]
R2: !!opencv-matrix
   rows: 3
   cols: 3
   dt: d
   data: [ 9.9956919585523474e-01, -3.7209898414592452e-03,
       2.9113174542103971e-02, 2.5747009228191081e-03,
       9.9922365094470567e-01, 3.9312419257675695e-02,
       -2.9236853669252577e-02, -3.9220525587159001e-02,
       9.9880276169030979e-01 ]
P1: !!opencv-matrix
   rows: 3
   cols: 4
   dt: d
   data: [ 1.0883777335627408e+03, 0., 8.6897594380378723e+02, 0., 0.,
       1.0883777335627408e+03, 7.2718579864501953e+02, 0., 0., 0., 1.,
       0. ]
P2: !!opencv-matrix
   rows: 3
   cols: 4
   dt: d
   data: [ 1.0883777335627408e+03, 0., 8.6897594380378723e+02,
       6.7075769120477462e+03, 0., 1.0883777335627408e+03,
       7.2718579864501953e+02, 0., 0., 0., 1., 0. ]
Q: !!opencv-matrix
   rows: 4
   cols: 4
   dt: d
   data: [ 1., 0., 0., -8.6897594380378723e+02, 0., 1., 0.,
       -7.2718579864501953e+02, 0., 0., 0., 1.0883777335627408e+03, 0.,
       0., -1.6226093980493345e-01, 0. ]
