%YAML:1.0
---
K1: !!opencv-matrix
   rows: 3
   cols: 3
   dt: d
   data: [ 1.4091011962890625e+03, 0., 9.8504975799699605e+02, 0.,
       1.4236314697265625e+03, 5.2163652223812460e+02, 0., 0., 1. ]
D1: !!opencv-matrix
   rows: 1
   cols: 5
   dt: d
   data: [ 2.1081556946621871e-01, -5.8683477756677782e-01,
       1.5994548229158623e-03, -1.6395992802711672e-03,
       4.1557953772582146e-01 ]
K2: !!opencv-matrix
   rows: 3
   cols: 3
   dt: d
   data: [ 1.1537886962890625e+03, 0., 9.4124748970049404e+02, 0.,
       1.1558200683593750e+03, 5.5801464286199189e+02, 0., 0., 1. ]
D2: !!opencv-matrix
   rows: 1
   cols: 5
   dt: d
   data: [ 2.0775999818953939e-01, -5.4665039205328281e-01,
       9.1772261069439343e-04, -2.8850340930635531e-04,
       3.7532764017962011e-01 ]
R: !!opencv-matrix
   rows: 3
   cols: 3
   dt: d
   data: [ 9.9977151297372957e-01, 4.5544174584538546e-03,
       -2.0884901911039744e-02, -6.8684594560456808e-03,
       9.9367269413055470e-01, -1.1210442098341052e-01,
       2.0242186416498529e-02, 1.1222225367964771e-01,
       9.9347693464324605e-01 ]
T: !!opencv-matrix
   rows: 3
   cols: 1
   dt: d
   data: [ 9.8834579995403460e-02, -1.1089350832102687e-03,
       2.2587347679520154e-03 ]
E: !!opencv-matrix
   rows: 3
   cols: 3
   dt: d
   data: [ -6.9332425024983978e-06, -2.3688902564195165e-03,
       -8.4848727386973178e-04, 2.5759068369845921e-04,
       -1.1081152087504424e-02, -9.8237049024657852e-02,
       4.2984040037704675e-04, 9.8214273930597659e-02,
       -1.1102953363961830e-02 ]
F: !!opencv-matrix
   rows: 3
   cols: 3
   dt: d
   data: [ 2.6964661871446053e-09, 9.2091023346951492e-07,
       -2.3219070196297555e-05, -1.0022532159925436e-07,
       4.3096895979606572e-06, 5.1042150632440934e-02,
       -1.3555938638966592e-04, -4.6425385612035033e-02, 1. ]
R1: !!opencv-matrix
   rows: 3
   cols: 3
   dt: d
   data: [ 9.9998715214618361e-01, -4.0287037684538082e-03,
       3.0765383975334907e-03, 4.1952155050789877e-03,
       9.9841152436125225e-01, -5.6185658219037690e-02,
       -2.8452960182372405e-03, 5.6197843095501618e-02,
       9.9841559819645342e-01 ]
R2: !!opencv-matrix
   rows: 3
   cols: 3
   dt: d
   data: [ 9.9967606645404505e-01, -1.1216477694224644e-02,
       2.2846286068036445e-02, 9.9148717907478132e-03,
       9.9836411527765057e-01, 5.6309756199498892e-02,
       -2.3440509302074232e-02, -5.6064997583242009e-02,
       9.9815192158791666e-01 ]
P1: !!opencv-matrix
   rows: 3
   cols: 4
   dt: d
   data: [ 1.0423454762743659e+03, 0., 8.3906820011138916e+02, 0., 0.,
       1.0423454762743659e+03, 7.3267530822753906e+02, 0., 0., 0., 1.,
       0. ]
P2: !!opencv-matrix
   rows: 3
   cols: 4
   dt: d
   data: [ 1.0423454762743659e+03, 0., 8.3906820011138916e+02,
       1.0305315973313994e+02, 0., 1.0423454762743659e+03,
       7.3267530822753906e+02, 0., 0., 0., 1., 0. ]
Q: !!opencv-matrix
   rows: 4
   cols: 4
   dt: d
   data: [ 1., 0., 0., -8.3906820011138916e+02, 0., 1., 0.,
       -7.3267530822753906e+02, 0., 0., 0., 1.0423454762743659e+03, 0.,
       0., -1.0114638687193667e+01, 0. ]
