%YAML:1.0
---
K1: !!opencv-matrix
   rows: 3
   cols: 3
   dt: d
   data: [ 1.4091011962890625e+03, 0., 9.8504975799699605e+02, 0.,
       1.4236314697265625e+03, 5.2163652223812460e+02, 0., 0., 1. ]
D1: !!opencv-matrix
   rows: 1
   cols: 5
   dt: d
   data: [ 2.1081556946621871e-01, -5.8683477756677782e-01,
       1.5994548229158623e-03, -1.6395992802711672e-03,
       4.1557953772582146e-01 ]
K2: !!opencv-matrix
   rows: 3
   cols: 3
   dt: d
   data: [ 1.1537886962890625e+03, 0., 9.4124748970049404e+02, 0.,
       1.1558200683593750e+03, 5.5801464286199189e+02, 0., 0., 1. ]
D2: !!opencv-matrix
   rows: 1
   cols: 5
   dt: d
   data: [ 2.0775999818953939e-01, -5.4665039205328281e-01,
       9.1772261069439343e-04, -2.8850340930635531e-04,
       3.7532764017962011e-01 ]
R: !!opencv-matrix
   rows: 3
   cols: 3
   dt: d
   data: [ 9.9683659585286644e-01, 2.1176258599946471e-02,
       -7.6605269010540114e-02, -2.7143428269729278e-02,
       9.9660625850010398e-01, -7.7712288733442686e-02,
       7.4699635007375267e-02, 7.9545782981450958e-02,
       9.9402838638523439e-01 ]
T: !!opencv-matrix
   rows: 3
   cols: 1
   dt: d
   data: [ 1.5400644710071876e-01, -5.7330434958348484e-04,
       4.4855583655504239e-03 ]
E: !!opencv-matrix
   rows: 3
   cols: 3
   dt: d
   data: [ 7.8927806082975039e-05, -4.5159394833493398e-03,
       -2.2129779068974400e-04, -7.0328566555917064e-03,
       -1.2155576074904032e-02, -1.5343039750970588e-01,
       -3.6087721937277731e-03, 1.5349592947110477e-01,
       -1.2012111617827479e-02 ]
F: !!opencv-matrix
   rows: 3
   cols: 3
   dt: d
   data: [ 1.6706422353315951e-08, -9.5546615584989777e-07,
       4.1608066758874019e-04, -1.4892716069502251e-06,
       -2.5729506659946867e-06, -4.2400738493346357e-02,
       -4.8030415157201720e-05, 3.9040471056301790e-02,
       9.9999999999999989e-01 ]
R1: !!opencv-matrix
   rows: 3
   cols: 3
   dt: d
   data: [ 9.9868290137495497e-01, 1.9774602997194267e-02,
       -4.7343717403744712e-02, -2.1619172325968168e-02,
       9.9901420393537288e-01, -3.8771532382832347e-02,
       4.6530354492979917e-02, 3.9743998435943520e-02,
       9.9812591425084307e-01 ]
R2: !!opencv-matrix
   rows: 3
   cols: 3
   dt: d
   data: [ 9.9956919405752676e-01, -3.7209959547233129e-03,
       2.9113235483052315e-02, 2.5747046491183295e-03,
       9.9922365094494536e-01, 3.9312419007529506e-02,
       -2.9236914802292874e-02, -3.9220525001058958e-02,
       9.9880275992384249e-01 ]
P1: !!opencv-matrix
   rows: 3
   cols: 4
   dt: d
   data: [ 1.0883777360594092e+03, 0., 8.6897586214542389e+02, 0., 0.,
       1.0883777360594092e+03, 7.2718578338623047e+02, 0., 0., 0., 1.,
       0. ]
P2: !!opencv-matrix
   rows: 3
   cols: 4
   dt: d
   data: [ 1.0883777360594092e+03, 0., 8.6897586214542389e+02,
       1.6768942983689718e+02, 0., 1.0883777360594092e+03,
       7.2718578338623047e+02, 0., 0., 0., 1., 0. ]
Q: !!opencv-matrix
   rows: 4
   cols: 4
   dt: d
   data: [ 1., 0., 0., -8.6897586214542389e+02, 0., 1., 0.,
       -7.2718578338623047e+02, 0., 0., 0., 1.0883777360594092e+03, 0.,
       0., -6.4904373347683153e+00, 0. ]
