%YAML:1.0
---
K1: !!opencv-matrix
   rows: 3
   cols: 3
   dt: d
   data: [ 1.4091011962890625e+03, 0., 9.8504975799699605e+02, 0.,
       1.4236314697265625e+03, 5.2163652223812460e+02, 0., 0., 1. ]
D1: !!opencv-matrix
   rows: 1
   cols: 5
   dt: d
   data: [ 2.1081556946621871e-01, -5.8683477756677782e-01,
       1.5994548229158623e-03, -1.6395992802711672e-03,
       4.1557953772582146e-01 ]
K2: !!opencv-matrix
   rows: 3
   cols: 3
   dt: d
   data: [ 1.1537886962890625e+03, 0., 9.4124748970049404e+02, 0.,
       1.1558200683593750e+03, 5.5801464286199189e+02, 0., 0., 1. ]
D2: !!opencv-matrix
   rows: 1
   cols: 5
   dt: d
   data: [ 2.0775999818953939e-01, -5.4665039205328281e-01,
       9.1772261069439343e-04, -2.8850340930635531e-04,
       3.7532764017962011e-01 ]
R: !!opencv-matrix
   rows: 3
   cols: 3
   dt: d
   data: [ 8.5578259298138182e-01, 2.9952852932288096e-02,
       -5.1646779197862791e-01, -7.2155639014361492e-02,
       9.9547518846583039e-01, -6.1828091571296741e-02,
       5.1227894482253677e-01, 9.0177468084528867e-02,
       8.5407160527755055e-01 ]
T: !!opencv-matrix
   rows: 3
   cols: 1
   dt: d
   data: [ 1.4482524063843788e-01, -6.6837750044513736e-03,
       5.1553927547587475e-02 ]
E: !!opencv-matrix
   rows: 3
   cols: 3
   dt: d
   data: [ 2.9594937918467259e-04, -5.1923381648736493e-02,
       -2.5209414940935166e-03, -3.0071967662880221e-02,
       -1.1515786305592222e-02, -1.5031706888510685e-01,
       -4.7300994794616169e-03, 1.4437013184889902e-01,
       -1.2406222758659369e-02 ]
F: !!opencv-matrix
   rows: 3
   cols: 3
   dt: d
   data: [ -1.2244222605035821e-08, 2.1472891121319945e-06,
       -9.6141913559441648e-04, 1.2446990201748149e-06,
       4.7644181295345147e-07, 7.1807577032665564e-03,
       -4.6187643488204347e-04, -9.0298403044427478e-03,
       9.9999999999999989e-01 ]
R1: !!opencv-matrix
   rows: 3
   cols: 3
   dt: d
   data: [ 9.8023308199278225e-01, 1.5164473511868204e-02,
       -1.9726414704664189e-01, -2.3097742892276230e-02,
       9.9901159653551008e-01, -3.7977944400051304e-02,
       1.9649325494839165e-01, 4.1783594037360317e-02,
       9.7961448132880691e-01 ]
R2: !!opencv-matrix
   rows: 3
   cols: 3
   dt: d
   data: [ 9.4120120634053783e-01, -4.3437021539660586e-02,
       3.3504255601770860e-01, 2.9770986212490622e-02,
       9.9850599356297465e-01, 4.5819965067124276e-02,
       -3.3653228309190786e-01, -3.3151259079857859e-02,
       9.4108820864909792e-01 ]
P1: !!opencv-matrix
   rows: 3
   cols: 4
   dt: d
   data: [ -2.6881660616428285e+03, 0., 7.7401512241363525e+02, 0., 0.,
       -2.6881660616428285e+03, 7.0999176025390625e+02, 0., 0., 0., 1.,
       0. ]
P2: !!opencv-matrix
   rows: 3
   cols: 4
   dt: d
   data: [ -2.6881660616428285e+03, 0., 7.7401512241363525e+02,
       -4.1363556923942787e+02, 0., -2.6881660616428285e+03,
       7.0999176025390625e+02, 0., 0., 0., 1., 0. ]
Q: !!opencv-matrix
   rows: 4
   cols: 4
   dt: d
   data: [ 1., 0., 0., -7.7401512241363525e+02, 0., 1., 0.,
       -7.0999176025390625e+02, 0., 0., 0., -2.6881660616428285e+03, 0.,
       0., -6.4988754873902455e+00, 0. ]
