%YAML:1.0
---
K1: !!opencv-matrix
   rows: 3
   cols: 3
   dt: d
   data: [ 1.3915345676524221e+03, 0., 9.8721270700230832e+02, 0.,
       1.3921314022313770e+03, 5.2095511688574413e+02, 0., 0., 1. ]
D1: !!opencv-matrix
   rows: 1
   cols: 5
   dt: d
   data: [ 2.1081556946621871e-01, -5.8683477756677782e-01,
       1.5994548229158623e-03, -1.6395992802711672e-03,
       4.1557953772582146e-01 ]
K2: !!opencv-matrix
   rows: 3
   cols: 3
   dt: d
   data: [ 1.1303029648069316e+03, 0., 9.3866848766952216e+02, 0.,
       1.1298119089133295e+03, 5.5801967603970377e+02, 0., 0., 1. ]
D2: !!opencv-matrix
   rows: 1
   cols: 5
   dt: d
   data: [ 2.0775999818953939e-01, -5.4665039205328281e-01,
       9.1772261069439343e-04, -2.8850340930635531e-04,
       3.7532764017962011e-01 ]
R: !!opencv-matrix
   rows: 3
   cols: 3
   dt: d
   data: [ 8.4284658515943589e-01, 3.6184937750759559e-02,
       -5.3693601496365595e-01, -7.2764244441700154e-02,
       9.9623722016945582e-01, -4.7082543260360529e-02,
       5.3321196405923432e-01, 7.8753104249984121e-02,
       8.4230810868415895e-01 ]
T: !!opencv-matrix
   rows: 3
   cols: 1
   dt: d
   data: [ 5.4585533733653353e+00, -2.2881805827023918e-01,
       1.8467086366322898e+00 ]
E: !!opencv-matrix
   rows: 3
   cols: 3
   dt: d
   data: [ 1.2365832386016212e-02, -1.8577800110187133e+00,
       -1.0578756662086564e-01, -1.3540738969643265e+00,
       -3.6305498580641327e-01, -5.5893481442231989e+00,
       -2.0432899292173834e-01, 5.4462938060228456e+00,
       -3.7986323169980413e-01 ]
F: !!opencv-matrix
   rows: 3
   cols: 3
   dt: d
   data: [ -1.4664007068408361e-08, 2.2021016425530116e-06,
       -9.5815431911753287e-04, 1.6064247642369804e-06,
       4.3053077308631221e-07, 7.4170989231414084e-03,
       -6.0877586489961328e-04, -9.6041983684496315e-03, 1. ]
R1: !!opencv-matrix
   rows: 3
   cols: 3
   dt: d
   data: [ 9.7139632357405581e-01, 1.9940008435226000e-02,
       -2.3662539722187761e-01, -2.7852253621976387e-02,
       9.9915750035427242e-01, -3.0142021398356887e-02,
       2.3582500824761010e-01, 3.5870399348279049e-02,
       9.7113329668774617e-01 ]
R2: !!opencv-matrix
   rows: 3
   cols: 3
   dt: d
   data: [ 9.4651229994830877e-01, -3.9677015463447367e-02,
       3.2021898833528933e-01, 2.8863611951829557e-02,
       9.9884370188164706e-01, 3.8446730894336187e-02,
       -3.2137417125782991e-01, -2.7147627065374619e-02,
       9.4656307153462449e-01 ]
P1: !!opencv-matrix
   rows: 3
   cols: 4
   dt: d
   data: [ -1.7221055411433881e+03, 0., 8.2224815988540649e+02, 0., 0.,
       -1.7221055411433881e+03, 7.0832503890991211e+02, 0., 0., 0., 1.,
       0. ]
P2: !!opencv-matrix
   rows: 3
   cols: 4
   dt: d
   data: [ -1.7221055411433881e+03, 0., 8.2224815988540649e+02,
       -9.9314134759925964e+03, 0., -1.7221055411433881e+03,
       7.0832503890991211e+02, 0., 0., 0., 1., 0. ]
Q: !!opencv-matrix
   rows: 4
   cols: 4
   dt: d
   data: [ 1., 0., 0., -8.2224815988540649e+02, 0., 1., 0.,
       -7.0832503890991211e+02, 0., 0., 0., -1.7221055411433881e+03, 0.,
       0., -1.7339984336633130e-01, 0. ]
