%YAML:1.0
---
K1: !!opencv-matrix
   rows: 3
   cols: 3
   dt: d
   data: [ 1.4091011962890625e+03, 0., 9.8504975799699605e+02, 0.,
       1.4236314697265625e+03, 5.2163652223812460e+02, 0., 0., 1. ]
D1: !!opencv-matrix
   rows: 1
   cols: 5
   dt: d
   data: [ 2.1081556946621871e-01, -5.8683477756677782e-01,
       1.5994548229158623e-03, -1.6395992802711672e-03,
       4.1557953772582146e-01 ]
K2: !!opencv-matrix
   rows: 3
   cols: 3
   dt: d
   data: [ 1.1537886962890625e+03, 0., 9.4124748970049404e+02, 0.,
       1.1558200683593750e+03, 5.5801464286199189e+02, 0., 0., 1. ]
D2: !!opencv-matrix
   rows: 1
   cols: 5
   dt: d
   data: [ 2.0775999818953939e-01, -5.4665039205328281e-01,
       9.1772261069439343e-04, -2.8850340930635531e-04,
       3.7532764017962011e-01 ]
R: !!opencv-matrix
   rows: 3
   cols: 3
   dt: d
   data: [ 6.8838223914689289e-01, 2.6962263061854706e-02,
       -7.2484683154283924e-01, -8.4167921061441775e-02,
       9.9552755000062731e-01, -4.2902893305032892e-02,
       7.2044823123615542e-01, 9.0542440658132661e-02,
       6.8757284163088028e-01 ]
T: !!opencv-matrix
   rows: 3
   cols: 1
   dt: d
   data: [ 5.2302432240000893e+00, -1.5312102553601226e-01,
       1.3281483309531732e+00 ]
E: !!opencv-matrix
   rows: 3
   cols: 3
   dt: d
   data: [ 1.4717118650661165e-03, -1.3360722053193415e+00,
       -4.8300452505089027e-02, -2.8538457576849976e+00,
       -4.3774910205230583e-01, -4.5588773054567158e+00,
       -3.3481290439083156e-01, 5.2109797120669938e+00,
       -3.3538185720101577e-01 ]
F: !!opencv-matrix
   rows: 3
   cols: 3
   dt: d
   data: [ -7.4775477794906401e-10, 6.7854726480231847e-07,
       -3.1860519247779126e-04, 1.4506265476959862e-06,
       2.2241504302321071e-07, 1.6766635294916494e-03,
       -6.1649655142008062e-04, -3.7523735762326317e-03, 1. ]
R1: !!opencv-matrix
   rows: 3
   cols: 3
   dt: d
   data: [ 8.4657400617692302e-01, 2.0160883544721630e-02,
       -5.3188907757186665e-01, -4.1475696761289711e-02,
       9.9874266803843204e-01, -2.8157585436962215e-02,
       5.3065263463373147e-01, 4.5897949999650932e-02,
       8.4634576831346475e-01 ]
R2: !!opencv-matrix
   rows: 3
   cols: 3
   dt: d
   data: [ 9.6884820563152907e-01, -2.8364078778264926e-02,
       2.4602567646411769e-01, 1.8787166127915533e-02,
       9.9897480644809222e-01, 4.1187115350300126e-02,
       -2.4694168711144826e-01, -3.5281937546812900e-02,
       9.6838782935841072e-01 ]
P1: !!opencv-matrix
   rows: 3
   cols: 4
   dt: d
   data: [ -5.9202738400875671e+02, 0., 1.3144347248077393e+03, 0., 0.,
       -5.9202738400875671e+02, 6.9528302764892578e+02, 0., 0., 0., 1.,
       0. ]
P2: !!opencv-matrix
   rows: 3
   cols: 4
   dt: d
   data: [ -5.9202738400875671e+02, 0., 1.3144347248077393e+03,
       -3.1960086168667945e+03, 0., -5.9202738400875671e+02,
       6.9528302764892578e+02, 0., 0., 0., 1., 0. ]
Q: !!opencv-matrix
   rows: 4
   cols: 4
   dt: d
   data: [ 1., 0., 0., -1.3144347248077393e+03, 0., 1., 0.,
       -6.9528302764892578e+02, 0., 0., 0., -5.9202738400875671e+02, 0.,
       0., -1.8523960820517138e-01, 0. ]
