%YAML:1.0
---
K1: !!opencv-matrix
   rows: 3
   cols: 3
   dt: d
   data: [ 1.3915345676524221e+03, 0., 9.8721270700230832e+02, 0.,
       1.3921314022313770e+03, 5.2095511688574413e+02, 0., 0., 1. ]
D1: !!opencv-matrix
   rows: 1
   cols: 5
   dt: d
   data: [ 2.1081556946621871e-01, -5.8683477756677782e-01,
       1.5994548229158623e-03, -1.6395992802711672e-03,
       4.1557953772582146e-01 ]
K2: !!opencv-matrix
   rows: 3
   cols: 3
   dt: d
   data: [ 1.1303029648069316e+03, 0., 9.3866848766952216e+02, 0.,
       1.1298119089133295e+03, 5.5801967603970377e+02, 0., 0., 1. ]
D2: !!opencv-matrix
   rows: 1
   cols: 5
   dt: d
   data: [ 2.0775999818953939e-01, -5.4665039205328281e-01,
       9.1772261069439343e-04, -2.8850340930635531e-04,
       3.7532764017962011e-01 ]
R: !!opencv-matrix
   rows: 3
   cols: 3
   dt: d
   data: [ 9.9953709304272220e-01, 1.7827500536914034e-02,
       2.4653191604960299e-02, -1.3984675057760302e-02,
       9.8887458490035818e-01, -1.4809282292425022e-01,
       -2.7019039495019288e-02, 1.4767950285246359e-01,
       9.8866613977723339e-01 ]
T: !!opencv-matrix
   rows: 3
   cols: 1
   dt: d
   data: [ 7.5832972839037733e+00, -6.1190048910931986e-02,
       1.3172724812456103e-02 ]
E: !!opencv-matrix
   rows: 3
   cols: 3
   dt: d
   data: [ 1.8375126243541284e-03, -2.2062688783608543e-02,
       -5.8545743446470289e-02, 2.1806003588276265e-01,
       -1.1196627361106801e+00, -7.4970245027515618e+00,
       -4.4888224770215604e-02, 7.5000208194261715e+00,
       -1.1215233718469910e+00 ]
F: !!opencv-matrix
   rows: 3
   cols: 3
   dt: d
   data: [ -4.1551176105254184e-09, 4.9868372825514796e-08,
       1.6234514922729791e-04, -4.9330757836039417e-07,
       2.5318775735253245e-06, 2.2768691522603579e-02,
       3.9390648296367802e-04, -2.0620908726166669e-02,
       9.9999999999999989e-01 ]
R1: !!opencv-matrix
   rows: 3
   cols: 3
   dt: d
   data: [ 9.9956895390413403e-01, 1.0104401911594769e-02,
       2.7564605076150887e-02, -8.0338678843224747e-03,
       9.9720964661313083e-01, -7.4218445608432340e-02,
       -2.8237623090700381e-02, 7.3965003641746269e-02,
       9.9686098071820628e-01 ]
R2: !!opencv-matrix
   rows: 3
   cols: 3
   dt: d
   data: [ 9.9996593820205448e-01, -8.0687809506991403e-03,
       1.7370117025172355e-03, 7.9178849992192629e-03,
       9.9721884550821460e-01, 7.4107228125215224e-02,
       -2.3301357952243539e-03, -7.4090950440881681e-02,
       9.9724876612104296e-01 ]
P1: !!opencv-matrix
   rows: 3
   cols: 4
   dt: d
   data: [ 1.1529147387771009e+03, 0., 8.3434842205047607e+02, 0., 0.,
       1.1529147387771009e+03, 7.2985684585571289e+02, 0., 0., 0., 1.,
       0. ]
P2: !!opencv-matrix
   rows: 3
   cols: 4
   dt: d
   data: [ 1.1529147387771009e+03, 0., 8.3434842205047607e+02,
       8.7431930160149277e+03, 0., 1.1529147387771009e+03,
       7.2985684585571289e+02, 0., 0., 0., 1., 0. ]
Q: !!opencv-matrix
   rows: 4
   cols: 4
   dt: d
   data: [ 1., 0., 0., -8.3434842205047607e+02, 0., 1., 0.,
       -7.2985684585571289e+02, 0., 0., 0., 1.1529147387771009e+03, 0.,
       0., -1.3186426705498830e-01, 0. ]
